1 0.521875 0.775 0.0515625 0.1
1 0.5875 0.7140625 0.0484375 0.0765625
1 0.5171875 0.66796875 0.0359375 0.065625
3 0.578125 0.63359375 0.0078125 0.03125
1 0.484375 0.60546875 0.0421875 0.0484375
1 0.54375 0.60859375 0.0453125 0.0484375
3 0.059375 0.771875 0.025 0.03984375
1 0.3078125 0.628125 0.0453125 0.05390625
1 0.365625 0.6140625 0.046875 0.0484375
3 0.340625 0.60546875 0.0140625 0.03125
1 0.56875 0.5625 0.0453125 0.03125
1 0.4453125 0.52578125 0.015625 0.028125
1 0.4296875 0.528125 0.0140625 0.02265625
1 0.684375 0.8890625 0.115625 0.18828125
1 0.45 0.740625 0.06875 0.1484375